Test Name:	BinairoLib.Tests.BinairoBoardSolverShould.SolveIncompleteBoards(rowStrings: ["XXXXXXX_X1XXXX0", "XXXX0XX_1XXXXXX", "X0XXXXX_X0X0X1X", "1XXXXXX_XXXXXXX", "1XX11XX_0X0X00X", ...])
Test Outcome:	Passed
Result StandardOutput:	
>>> Printing board HOR
        1    0
    0  1      
 0      0 0 1 
1             
1  11  0 0 00 
        1  0  
   0        1 
 1   1    0 1 
0  1         0
  0   11 0 1  
   1 0        
1         10 0
 0 1  0   1   
      00   0 0
<<< Printing board
>>> Printing board HOR
        1    0
    0  1      
 0      0 0 1 
1             
1  11  0 0 00 
        1  0  
   0        1 
 1   1    0 1 
0  1         0
  0   11 0 1  
   1 0        
1         10 0
 0 1  0   1   
      00   0 0
<<< Printing board
>>> Printing board HOR
        1    0
    0  1      
 0      010 1 
1             
10011010101001
        1  0  
   0        1 
 1   1    0 1 
0  1         0
  0  01100110 
   1 0        
1         1010
 0 1  0   1   
     1001  010
<<< Printing board
>>> Printing board VER
   11   0  1  
  0 0  1    0 
    0    0    
    1 0 1 1 1 
 0  1         
    0  1 00  1
    1    1  00
 1  0    1   0
1 0 11   0   1
  1 0    0    
  0 1  0 1 11 
    00   1 0 0
  1 0 11 0 1 1
0   1   0  0 0
<<< Printing board
>>> Printing board VER
  0110  0  1  
  010  1    0 
    0    0    
    1 0 10101 
 0  1         
    0101100101
    1    10100
 1  0    1   0
1100110  0   1
  1 0    0    
  0 1  0 10110
   1001  1 010
00110011001101
0   1   0  010
<<< Printing board
>>> Printing board HOR
        1   00
    0  11   0 
00      010 1 
11      0  11 
10011010101001
0    1  1  00 
   0 0  0  11 
 1   1    0 1 
0  1 1      00
  00 01100110 
   1 00   0 1 
1  0 11   1010
 0 1 00   1101
     1001 0010
<<< Printing board
>>> Printing board HOR
        1  100
    010110  0 
001     010 1 
110     010110
10011010101001
0    1  101001
   010  010110
 1   1    0 1 
0  101     100
 100101100110 
  011001  0 1 
10100110  1010
10011001001101
     100110010
<<< Printing board
>>> Printing board VER
  0110  0  11 
  010  1 1 00 
  100    0010 
    1 0 10101 
 0  1 1 01101 
 1  0101100101
 0  1    10100
 1  0    11010
1100110  0  01
 011001  0  01
  001100 10110
1  1001 11 010
00110011001101
0  0110 0  010
<<< Printing board
>>> Printing board VER
  0110  010110
  010  1011001
  1001  10010 
    1 0 10101 
 0  101 01101 
01  0101100101
 0  1    10100
 1  0   011010
1100110  0  01
 011001  0  01
01001100110110
1  10010110010
00110011001101
0  011010  010
<<< Printing board
>>> Printing board HOR
     0  1 0100
    0101101 0 
001     010 1 
110     010110
10011010101001
0 1 01  101001
   010  010110
 1   1    0011
001101 0  1100
1100101100110 
01011001  001 
10100110  1010
10011001001101
01   100110010
<<< Printing board
>>> Printing board HOR
     0  1 0100
    0101101 0 
001     010 1 
110     010110
10011010101001
0 1 01  101001
   010  010110
 1   1   10011
00110110101100
11001011001100
01011001010011
10100110  1010
10011001001101
01101100110010
<<< Printing board
>>> Printing board VER
  0110  010110
  010  1011001
  1001  100101
    1 0 101010
 0  101 011011
01  0101100101
 0  1   110100
 1  0   011010
1100110 100 01
 0110011001 01
01001100110110
1  10010110010
00110011001101
0  01101001010
<<< Printing board
>>> Printing board VER
  0110  010110
  010  1011001
  1001  100101
    1 0 101010
00101010011011
01  0101100101
10  1  0110100
 1  0   011010
11001100100101
 0110011001 01
01001100110110
1  10010110010
00110011001101
0  01101001010
<<< Printing board
>>> Printing board HOR
    001 1 0100
    0101101 0 
001 1   010 1 
110 0   010110
10011010101001
0 1 01  101001
   010  010110
 1  010 010011
00110110101100
11001011001100
01011001010011
101001101 1010
10011001001101
01101100110010
<<< Printing board
>>> Printing board HOR
   100101 0100
    0101101 0 
00101   010 1 
11010010010110
10011010101001
0 1 01  101001
   010  010110
01  0101010011
00110110101100
11001011001100
01011001010011
10100110101010
10011001001101
01101100110010
<<< Printing board
>>> Printing board VER
  0110 0010110
  010  1011001
  1001  100101
1 011 0 101010
00101010011011
01 00101100101
10 11  0110100
01 00  1011010
11001100100101
 0110011001001
01001100110110
1  10010110010
00110011001101
0  01101001010
<<< Printing board
>>> Printing board VER
  011010010110
  010  1011001
  1001  100101
10011001101010
00101010011011
01100101100101
10011010110100
01100101011010
11001100100101
10110011001001
01001100110110
1  10010110010
00110011001101
0  01101001010
<<< Printing board
>>> Printing board HOR
   10010110100
   00101101 0 
00101101010 1 
11010010010110
10011010101001
0 100101101001
1  01010010110
01 10101010011
00110110101100
11001011001100
01011001010011
10100110101010
10011001001101
01101100110010
<<< Printing board
>>> Printing board HOR
   10010110100
  100101101 0 
00101101010 1 
11010010010110
10011010101001
01100101101001
1  01010010110
01010101010011
00110110101100
11001011001100
01011001010011
10100110101010
10011001001101
01101100110010
<<< Printing board
>>> Printing board VER
  011010010110
  0101 1011001
 11001 0100101
10011001101010
00101010011011
01100101100101
10011010110100
01100101011010
11001100100101
10110011001001
01001100110110
1  10010110010
00110011001101
0  01101001010
<<< Printing board
>>> Printing board VER
  011010010110
  010101011001
01100110100101
10011001101010
00101010011011
01100101100101
10011010110100
01100101011010
11001100100101
10110011001001
01001100110110
1  10010110010
00110011001101
0  01101001010
<<< Printing board
>>> Printing board HOR
  010010110100
  100101101 0 
00101101010 1 
11010010010110
10011010101001
01100101101001
10101010010110
01010101010011
00110110101100
11001011001100
01011001010011
10100110101010
10011001001101
01101100110010
<<< Printing board
>>> Printing board HOR
11010010110100
  100101101 0 
00101101010 1 
11010010010110
10011010101001
01100101101001
10101010010110
01010101010011
00110110101100
11001011001100
01011001010011
10100110101010
10011001001101
01101100110010
<<< Printing board
>>> Printing board VER
1 011010010110
1 010101011001
01100110100101
10011001101010
00101010011011
01100101100101
10011010110100
01100101011010
11001100100101
10110011001001
01001100110110
1  10010110010
00110011001101
0  01101001010
<<< Printing board
>>> Printing board VER
10011010010110
10010101011001
01100110100101
10011001101010
00101010011011
01100101100101
10011010110100
01100101011010
11001100100101
10110011001001
01001100110110
1  10010110010
00110011001101
0  01101001010
<<< Printing board
>>> Printing board HOR
11010010110100
00100101101 0 
00101101010 1 
11010010010110
10011010101001
01100101101001
10101010010110
01010101010011
00110110101100
11001011001100
01011001010011
10100110101010
10011001001101
01101100110010
<<< Printing board
>>> Printing board HOR
11010010110100
00100101101101
00101101010 1 
11010010010110
10011010101001
01100101101001
10101010010110
01010101010011
00110110101100
11001011001100
01011001010011
10100110101010
10011001001101
01101100110010
<<< Printing board
>>> Printing board VER
10011010010110
10010101011001
01100110100101
10011001101010
00101010011011
01100101100101
10011010110100
01100101011010
11001100100101
10110011001001
01001100110110
11 10010110010
00110011001101
01 01101001010
<<< Printing board
>>> Printing board VER
10011010010110
10010101011001
01100110100101
10011001101010
00101010011011
01100101100101
10011010110100
01100101011010
11001100100101
10110011001001
01001100110110
11010010110010
00110011001101
01101101001010
<<< Printing board
>>> Printing board HOR
11010010110100
00100101101101
00101101010011
11010010010110
10011010101001
01100101101001
10101010010110
01010101010011
00110110101100
11001011001100
01011001010011
10100110101010
10011001001101
01101100110010
<<< Printing board
>>> Printing board HOR
11010010110100
00100101101101
00101101010011
11010010010110
10011010101001
01100101101001
10101010010110
01010101010011
00110110101100
11001011001100
01011001010011
10100110101010
10011001001101
01101100110010
<<< Printing board
>>> Printing board VER
10011010010110
10010101011001
01100110100101
10011001101010
00101010011011
01100101100101
10011010110100
01100101011010
11001100100101
10110011001001
01001100110110
11010010110010
00110011001101
01101101001010
<<< Printing board
>>> Printing board VER
10011010010110
10010101011001
01100110100101
10011001101010
00101010011011
01100101100101
10011010110100
01100101011010
11001100100101
10110011001001
01001100110110
11010010110010
00110011001101
01101101001010
<<< Printing board

